Genomic locus      	RRC Startpoint rate      	RRC Midpoint rate      	RRC Endpoint rate      	Comeron Startpoint rate      	Comeron Midpoint rate      	Comeron Endpoint rate
3L:0..100000      	0.00      	0.00      	0.00      	0.00      	0.00      	0.00
3L:100000..200000      	0.00      	0.00      	0.00      	0.00      	0.00      	0.00
3L:200000..300000      	0.00      	0.00      	0.00      	0.00      	0.21      	0.21
3L:300000..400000      	0.00      	0.00      	0.00      	0.21      	0.90      	0.90
3L:400000..500000      	0.00      	0.00      	0.00      	0.90      	0.42      	0.42
3L:500000..600000      	0.00      	0.00      	0.00      	0.42      	0.42      	0.42
3L:600000..700000      	0.00      	0.00      	0.00      	0.42      	1.32      	1.32
3L:700000..800000      	0.00      	3.07      	3.08      	1.32      	2.42      	2.42
3L:800000..900000      	3.08      	3.09      	3.10      	2.42      	1.45      	1.45
3L:900000..1000000      	3.10      	3.11      	3.11      	1.45      	1.32      	1.32
3L:1000000..1100000      	3.11      	3.12      	3.13      	1.32      	2.70      	2.70
3L:1100000..1200000      	3.13      	3.14      	3.14      	2.70      	2.28      	2.28
3L:1200000..1300000      	3.14      	3.15      	3.16      	2.28      	1.66      	1.66
3L:1300000..1400000      	3.16      	3.17      	3.17      	1.66      	1.52      	1.52
3L:1400000..1500000      	3.17      	3.18      	3.19      	1.52      	3.67      	3.67
3L:1500000..1600000      	3.19      	3.19      	3.20      	3.67      	3.53      	3.53
3L:1600000..1700000      	3.20      	3.21      	3.21      	3.53      	1.66      	1.66
3L:1700000..1800000      	3.21      	3.22      	3.23      	1.66      	1.38      	1.38
3L:1800000..1900000      	3.23      	3.23      	3.24      	1.38      	3.18      	3.18
3L:1900000..2000000      	3.24      	3.25      	3.25      	3.18      	3.95      	3.95
3L:2000000..2100000      	3.25      	3.26      	3.26      	3.95      	1.45      	1.45
3L:2100000..2200000      	3.26      	3.27      	3.27      	1.45      	4.85      	4.85
3L:2200000..2300000      	3.27      	3.28      	3.29      	4.85      	2.01      	2.01
3L:2300000..2400000      	3.29      	3.29      	3.30      	2.01      	2.08      	2.08
3L:2400000..2500000      	3.30      	3.30      	3.31      	2.08      	1.25      	1.25
3L:2500000..2600000      	3.31      	3.31      	3.32      	1.25      	4.43      	4.43
3L:2600000..2700000      	3.32      	3.32      	3.33      	4.43      	2.77      	2.77
3L:2700000..2800000      	3.33      	3.33      	3.34      	2.77      	5.47      	5.47
3L:2800000..2900000      	3.34      	3.34      	3.34      	5.47      	0.97      	0.97
3L:2900000..3000000      	3.34      	3.35      	3.35      	0.97      	2.01      	2.01
3L:3000000..3100000      	3.35      	3.36      	3.36      	2.01      	1.18      	1.18
3L:3100000..3200000      	3.36      	3.37      	3.37      	1.18      	1.32      	1.32
3L:3200000..3300000      	3.37      	3.37      	3.38      	1.32      	2.08      	2.08
3L:3300000..3400000      	3.38      	3.38      	3.38      	2.08      	1.25      	1.25
3L:3400000..3500000      	3.38      	3.39      	3.39      	1.25      	2.22      	2.22
3L:3500000..3600000      	3.39      	3.39      	3.40      	2.22      	1.45      	1.45
3L:3600000..3700000      	3.40      	3.40      	3.40      	1.45      	1.11      	1.11
3L:3700000..3800000      	3.40      	3.41      	3.41      	1.11      	4.08      	4.08
3L:3800000..3900000      	3.41      	3.41      	3.41      	4.08      	4.50      	4.50
3L:3900000..4000000      	3.41      	3.42      	3.42      	4.50      	3.60      	3.60
3L:4000000..4100000      	3.42      	3.42      	3.42      	3.60      	2.42      	2.42
3L:4100000..4200000      	3.42      	3.43      	3.43      	2.42      	2.84      	2.84
3L:4200000..4300000      	3.43      	3.43      	3.43      	2.84      	2.28      	2.28
3L:4300000..4400000      	3.43      	3.43      	3.44      	2.28      	3.53      	3.53
3L:4400000..4500000      	3.44      	3.44      	3.44      	3.53      	2.22      	2.22
3L:4500000..4600000      	3.44      	3.44      	3.44      	2.22      	4.08      	4.08
3L:4600000..4700000      	3.44      	3.44      	3.45      	4.08      	6.58      	6.58
3L:4700000..4800000      	3.45      	3.45      	3.45      	6.58      	2.22      	2.22
3L:4800000..4900000      	3.45      	3.45      	3.45      	2.22      	2.15      	2.15
3L:4900000..5000000      	3.45      	3.45      	3.45      	2.15      	3.12      	3.12
3L:5000000..5100000      	3.45      	3.45      	3.45      	3.12      	5.05      	5.05
3L:5100000..5200000      	3.45      	3.45      	3.45      	5.05      	1.52      	1.52
3L:5200000..5300000      	3.45      	3.45      	3.45      	1.52      	5.12      	5.12
3L:5300000..5400000      	3.45      	3.45      	3.45      	5.12      	2.63      	2.63
3L:5400000..5500000      	3.45      	3.45      	3.45      	2.63      	1.73      	1.73
3L:5500000..5600000      	3.45      	3.45      	3.45      	1.73      	1.87      	1.87
3L:5600000..5700000      	3.45      	3.45      	3.45      	1.87      	1.80      	1.80
3L:5700000..5800000      	3.45      	3.45      	3.45      	1.80      	2.35      	2.35
3L:5800000..5900000      	3.45      	3.45      	3.45      	2.35      	2.77      	2.77
3L:5900000..6000000      	3.45      	3.45      	3.45      	2.77      	1.45      	1.45
3L:6000000..6100000      	3.45      	3.44      	3.44      	1.45      	0.90      	0.90
3L:6100000..6200000      	3.44      	3.44      	3.44      	0.90      	1.32      	1.32
3L:6200000..6300000      	3.44      	3.44      	3.44      	1.32      	0.90      	0.90
3L:6300000..6400000      	3.44      	3.44      	3.43      	0.90      	2.15      	2.15
3L:6400000..6500000      	3.43      	3.43      	3.43      	2.15      	1.04      	1.04
3L:6500000..6600000      	3.43      	3.43      	3.43      	1.04      	3.18      	3.18
3L:6600000..6700000      	3.43      	3.42      	3.42      	3.18      	0.69      	0.69
3L:6700000..6800000      	3.42      	3.42      	3.42      	0.69      	1.38      	1.38
3L:6800000..6900000      	3.42      	3.41      	3.41      	1.38      	1.66      	1.66
3L:6900000..7000000      	3.41      	3.41      	3.41      	1.66      	3.12      	3.12
3L:7000000..7100000      	3.41      	3.40      	3.40      	3.12      	2.63      	2.63
3L:7100000..7200000      	3.40      	3.40      	3.39      	2.63      	5.12      	5.12
3L:7200000..7300000      	3.39      	3.39      	3.39      	5.12      	3.32      	3.32
3L:7300000..7400000      	3.39      	3.38      	3.38      	3.32      	1.94      	1.94
3L:7400000..7500000      	3.38      	3.38      	3.37      	1.94      	3.12      	3.12
3L:7500000..7600000      	3.37      	3.37      	3.36      	3.12      	2.01      	2.01
3L:7600000..7700000      	3.36      	3.36      	3.36      	2.01      	1.11      	1.11
3L:7700000..7800000      	3.36      	3.35      	3.35      	1.11      	0.83      	0.83
3L:7800000..7900000      	3.35      	3.34      	3.34      	0.83      	3.25      	3.25
3L:7900000..8000000      	3.34      	3.33      	3.33      	3.25      	2.70      	2.70
3L:8000000..8100000      	3.33      	3.33      	3.32      	2.70      	4.43      	4.43
3L:8100000..8200000      	3.32      	3.32      	3.31      	4.43      	1.87      	1.87
3L:8200000..8300000      	3.31      	3.31      	3.30      	1.87      	1.94      	1.94
3L:8300000..8400000      	3.30      	3.29      	3.29      	1.94      	2.22      	2.22
3L:8400000..8500000      	3.29      	3.28      	3.28      	2.22      	2.63      	2.63
3L:8500000..8600000      	3.28      	3.27      	3.27      	2.63      	3.88      	3.88
3L:8600000..8700000      	3.27      	3.26      	3.26      	3.88      	3.67      	3.67
3L:8700000..8800000      	3.26      	3.25      	3.24      	3.67      	3.88      	3.88
3L:8800000..8900000      	3.24      	3.24      	3.23      	3.88      	2.63      	2.63
3L:8900000..9000000      	3.23      	3.22      	3.22      	2.63      	1.45      	1.45
3L:9000000..9100000      	3.22      	3.21      	3.21      	1.45      	1.11      	1.11
3L:9100000..9200000      	3.21      	3.20      	3.19      	1.11      	5.05      	5.05
3L:9200000..9300000      	3.19      	3.18      	3.18      	5.05      	7.82      	7.82
3L:9300000..9400000      	3.18      	3.17      	3.16      	7.82      	2.91      	2.91
3L:9400000..9500000      	3.16      	3.16      	3.15      	2.91      	0.69      	0.69
3L:9500000..9600000      	3.15      	3.14      	3.13      	0.69      	3.67      	3.67
3L:9600000..9700000      	3.13      	3.13      	3.12      	3.67      	3.18      	3.18
3L:9700000..9800000      	3.12      	3.11      	3.10      	3.18      	3.39      	3.39
3L:9800000..9900000      	3.10      	3.10      	3.09      	3.39      	1.11      	1.11
3L:9900000..10000000      	3.09      	3.08      	3.07      	1.11      	2.56      	2.56
3L:10000000..10100000      	3.07      	3.06      	3.05      	2.56      	1.04      	1.04
3L:10100000..10200000      	3.05      	3.05      	3.04      	1.04      	2.91      	2.91
3L:10200000..10300000      	3.04      	3.03      	3.02      	2.91      	1.18      	1.18
3L:10300000..10400000      	3.02      	3.01      	3.00      	1.18      	2.08      	2.08
3L:10400000..10500000      	3.00      	2.99      	2.98      	2.08      	5.26      	5.26
3L:10500000..10600000      	2.98      	2.98      	2.97      	5.26      	7.55      	7.55
3L:10600000..10700000      	2.97      	2.96      	2.95      	7.55      	3.46      	3.46
3L:10700000..10800000      	2.95      	2.94      	2.93      	3.46      	3.95      	3.95
3L:10800000..10900000      	2.93      	2.92      	2.91      	3.95      	3.53      	3.53
3L:10900000..11000000      	2.91      	2.90      	2.89      	3.53      	4.29      	4.29
3L:11000000..11100000      	2.89      	2.88      	2.87      	4.29      	4.22      	4.22
3L:11100000..11200000      	2.87      	2.86      	2.85      	4.22      	3.12      	3.12
3L:11200000..11300000      	2.85      	2.84      	2.83      	3.12      	4.08      	4.08
3L:11300000..11400000      	2.83      	2.82      	2.81      	4.08      	3.05      	3.05
3L:11400000..11500000      	2.81      	2.79      	2.78      	3.05      	3.18      	3.18
3L:11500000..11600000      	2.78      	2.77      	2.76      	3.18      	2.77      	2.77
3L:11600000..11700000      	2.76      	2.75      	2.74      	2.77      	0.62      	0.62
3L:11700000..11800000      	2.74      	2.73      	2.72      	0.62      	0.42      	0.42
3L:11800000..11900000      	2.72      	2.71      	2.69      	0.42      	1.66      	1.66
3L:11900000..12000000      	2.69      	2.68      	2.67      	1.66      	1.87      	1.87
3L:12000000..12100000      	2.67      	2.66      	2.65      	1.87      	3.46      	3.46
3L:12100000..12200000      	2.65      	2.63      	2.62      	3.46      	1.45      	1.45
3L:12200000..12300000      	2.62      	2.61      	2.60      	1.45      	1.59      	1.59
3L:12300000..12400000      	2.60      	2.59      	2.57      	1.59      	2.22      	2.22
3L:12400000..12500000      	2.57      	2.56      	2.55      	2.22      	5.95      	5.95
3L:12500000..12600000      	2.55      	2.54      	2.52      	5.95      	6.51      	6.51
3L:12600000..12700000      	2.52      	2.51      	2.50      	6.51      	4.22      	4.22
3L:12700000..12800000      	2.50      	2.48      	2.47      	4.22      	2.22      	2.22
3L:12800000..12900000      	2.47      	2.46      	2.44      	2.22      	3.39      	3.39
3L:12900000..13000000      	2.44      	2.43      	2.42      	3.39      	2.63      	2.63
3L:13000000..13100000      	2.42      	2.40      	2.39      	2.63      	1.87      	1.87
3L:13100000..13200000      	2.39      	2.38      	2.36      	1.87      	2.22      	2.22
3L:13200000..13300000      	2.36      	2.35      	2.33      	2.22      	1.87      	1.87
3L:13300000..13400000      	2.33      	2.32      	2.31      	1.87      	1.52      	1.52
3L:13400000..13500000      	2.31      	2.29      	2.28      	1.52      	1.32      	1.32
3L:13500000..13600000      	2.28      	2.26      	2.25      	1.32      	1.45      	1.45
3L:13600000..13700000      	2.25      	2.23      	2.22      	1.45      	0.48      	0.48
3L:13700000..13800000      	2.22      	2.20      	2.19      	0.48      	0.69      	0.69
3L:13800000..13900000      	2.19      	2.17      	2.16      	0.69      	1.25      	1.25
3L:13900000..14000000      	2.16      	2.14      	2.13      	1.25      	3.25      	3.25
3L:14000000..14100000      	2.13      	2.11      	2.10      	3.25      	1.94      	1.94
3L:14100000..14200000      	2.10      	2.08      	2.07      	1.94      	0.97      	0.97
3L:14200000..14300000      	2.07      	2.05      	2.03      	0.97      	2.28      	2.28
3L:14300000..14400000      	2.03      	2.02      	2.00      	2.28      	1.38      	1.38
3L:14400000..14500000      	2.00      	1.99      	1.97      	1.38      	0.90      	0.90
3L:14500000..14600000      	1.97      	1.95      	1.94      	0.90      	1.11      	1.11
3L:14600000..14700000      	1.94      	1.92      	1.90      	1.11      	0.35      	0.35
3L:14700000..14800000      	1.90      	1.89      	1.87      	0.35      	0.48      	0.48
3L:14800000..14900000      	1.87      	1.85      	1.84      	0.48      	0.76      	0.76
3L:14900000..15000000      	1.84      	1.82      	1.80      	0.76      	0.35      	0.35
3L:15000000..15100000      	1.80      	1.79      	1.77      	0.35      	0.76      	0.76
3L:15100000..15200000      	1.77      	1.75      	1.73      	0.76      	1.04      	1.04
3L:15200000..15300000      	1.73      	1.72      	1.70      	1.04      	1.59      	1.59
3L:15300000..15400000      	1.70      	1.68      	1.66      	1.59      	1.45      	1.45
3L:15400000..15500000      	1.66      	1.64      	1.63      	1.45      	1.66      	1.66
3L:15500000..15600000      	1.63      	1.61      	1.59      	1.66      	1.25      	1.25
3L:15600000..15700000      	1.59      	1.57      	1.55      	1.25      	1.52      	1.52
3L:15700000..15800000      	1.55      	1.54      	1.52      	1.52      	3.67      	3.67
3L:15800000..15900000      	1.52      	1.50      	1.48      	3.67      	0.76      	0.76
3L:15900000..16000000      	1.48      	1.46      	1.44      	0.76      	2.49      	2.49
3L:16000000..16100000      	1.44      	1.42      	1.40      	2.49      	1.18      	1.18
3L:16100000..16200000      	1.40      	1.38      	1.37      	1.18      	2.35      	2.35
3L:16200000..16300000      	1.37      	1.35      	1.33      	2.35      	0.55      	0.55
3L:16300000..16400000      	1.33      	1.31      	1.29      	0.55      	1.52      	1.52
3L:16400000..16500000      	1.29      	1.27      	1.25      	1.52      	3.32      	3.32
3L:16500000..16600000      	1.25      	1.23      	1.21      	3.32      	2.15      	2.15
3L:16600000..16700000      	1.21      	1.19      	1.17      	2.15      	0.90      	0.90
3L:16700000..16800000      	1.17      	1.15      	1.13      	0.90      	1.18      	1.18
3L:16800000..16900000      	1.13      	1.11      	1.09      	1.18      	1.45      	1.45
3L:16900000..17000000      	1.09      	1.07      	1.05      	1.45      	0.76      	0.76
3L:17000000..17100000      	1.05      	1.02      	1.00      	0.76      	1.45      	1.45
3L:17100000..17200000      	1.00      	0.98      	0.96      	1.45      	3.60      	3.60
3L:17200000..17300000      	0.96      	0.94      	0.92      	3.60      	3.32      	3.32
3L:17300000..17400000      	0.92      	0.90      	0.88      	3.32      	1.87      	1.87
3L:17400000..17500000      	0.88      	0.86      	0.83      	1.87      	1.59      	1.59
3L:17500000..17600000      	0.83      	0.81      	0.79      	1.59      	2.15      	2.15
3L:17600000..17700000      	0.79      	0.77      	0.75      	2.15      	1.32      	1.32
3L:17700000..17800000      	0.75      	0.73      	0.70      	1.32      	0.28      	0.28
3L:17800000..17900000      	0.70      	0.68      	0.66      	0.28      	0.14      	0.14
3L:17900000..18000000      	0.66      	0.64      	0.61      	0.14      	1.32      	1.32
3L:18000000..18100000      	0.61      	0.59      	0.57      	1.32      	0.69      	0.69
3L:18100000..18200000      	0.57      	0.55      	0.52      	0.69      	1.80      	1.80
3L:18200000..18300000      	0.52      	0.50      	0.48      	1.80      	0.83      	0.83
3L:18300000..18400000      	0.48      	0.45      	0.43      	0.83      	0.07      	0.07
3L:18400000..18500000      	0.43      	0.41      	0.38      	0.07      	0.14      	0.14
3L:18500000..18600000      	0.38      	0.36      	0.34      	0.14      	1.32      	1.32
3L:18600000..18700000      	0.34      	0.31      	0.29      	1.32      	0.48      	0.48
3L:18700000..18800000      	0.29      	0.27      	0.24      	0.48      	0.69      	0.69
3L:18800000..18900000      	0.24      	0.22      	0.19      	0.69      	1.04      	1.04
3L:18900000..19000000      	0.19      	0.17      	0.15      	1.04      	2.15      	2.15
3L:19000000..19100000      	0.15      	0.00      	0.00      	2.15      	0.90      	0.90
3L:19100000..19200000      	0.00      	0.00      	0.00      	0.90      	0.83      	0.83
3L:19200000..19300000      	0.00      	0.00      	0.00      	0.83      	0.69      	0.69
3L:19300000..19400000      	0.00      	0.00      	0.00      	0.69      	0.48      	0.48
3L:19400000..19500000      	0.00      	0.00      	0.00      	0.48      	2.77      	2.77
3L:19500000..19600000      	0.00      	0.00      	0.00      	2.77      	0.42      	0.42
3L:19600000..19700000      	0.00      	0.00      	0.00      	0.42      	2.35      	2.35
3L:19700000..19800000      	0.00      	0.00      	0.00      	2.35      	0.42      	0.42
3L:19800000..19900000      	0.00      	0.00      	0.00      	0.42      	0.42      	0.42
3L:19900000..20000000      	0.00      	0.00      	0.00      	0.42      	2.98      	2.98
3L:20000000..20100000      	0.00      	0.00      	0.00      	2.98      	0.21      	0.21
3L:20100000..20200000      	0.00      	0.00      	0.00      	0.21      	0.14      	0.14
3L:20200000..20300000      	0.00      	0.00      	0.00      	0.14      	0.00      	0.00
3L:20300000..20400000      	0.00      	0.00      	0.00      	0.00      	1.38      	1.38
3L:20400000..20500000      	0.00      	0.00      	0.00      	1.38      	0.14      	0.14
3L:20500000..20600000      	0.00      	0.00      	0.00      	0.14      	0.42      	0.42
3L:20600000..20700000      	0.00      	0.00      	0.00      	0.42      	0.35      	0.35
3L:20700000..20800000      	0.00      	0.00      	0.00      	0.35      	0.00      	0.00
3L:20800000..20900000      	0.00      	0.00      	0.00      	0.00      	0.21      	0.21
3L:20900000..21000000      	0.00      	0.00      	0.00      	0.21      	0.14      	0.14
3L:21000000..21100000      	0.00      	0.00      	0.00      	0.14      	0.28      	0.28
3L:21100000..21200000      	0.00      	0.00      	0.00      	0.28      	0.07      	0.07
3L:21200000..21300000      	0.00      	0.00      	0.00      	0.07      	0.07      	0.07
3L:21300000..21400000      	0.00      	0.00      	0.00      	0.07      	0.14      	0.14
3L:21400000..21500000      	0.00      	0.00      	0.00      	0.14      	0.07      	0.07
3L:21500000..21600000      	0.00      	0.00      	0.00      	0.07      	0.00      	0.00
3L:21600000..21700000      	0.00      	0.00      	0.00      	0.00      	0.35      	0.35
3L:21700000..21800000      	0.00      	0.00      	0.00      	0.35      	1.18      	1.18
3L:21800000..21900000      	0.00      	0.00      	0.00      	1.18      	0.00      	0.00
3L:21900000..22000000      	0.00      	0.00      	0.00      	0.00      	0.14      	0.14
3L:22000000..22100000      	0.00      	0.00      	0.00      	0.14      	0.00      	0.00
3L:22100000..22200000      	0.00      	0.00      	0.00      	0.00      	0.00      	0.00
3L:22200000..22300000      	0.00      	0.00      	0.00      	0.00      	0.00      	0.00
3L:22300000..22400000      	0.00      	0.00      	0.00      	0.00      	0.14      	0.14
3L:22400000..22500000      	0.00      	0.00      	0.00      	0.14      	0.07      	0.07
3L:22500000..22600000      	0.00      	0.00      	0.00      	0.07      	0.00      	0.00
3L:22600000..22700000      	0.00      	0.00      	0.00      	0.00      	0.00      	0.00
3L:22700000..22800000      	0.00      	0.00      	0.00      	0.00      	0.00      	0.00
3L:22800000..22900000      	0.00      	0.00      	0.00      	0.00      	0.07      	0.07
3L:22900000..23000000      	0.00      	0.00      	0.00      	0.07      	0.28      	0.28
3L:23000000..23100000      	0.00      	0.00      	0.00      	0.28      	0.00      	0.00
3L:23100000..23200000      	0.00      	0.00      	0.00      	0.00      	0.07      	0.07
3L:23200000..23300000      	0.00      	0.00      	0.00      	0.07      	0.00      	0.00
3L:23300000..23400000      	0.00      	0.00      	0.00      	0.00      	0.00      	0.00
3L:23400000..23500000      	0.00      	0.00      	0.00      	0.00      	0.00      	0.00
3L:23500000..23600000      	0.00      	0.00      	0.00      	0.00      	0.07      	0.07
3L:23600000..23700000      	0.00      	0.00      	0.00      	0.07      	0.00      	0.00
3L:23700000..23800000      	0.00      	0.00      	0.00      	0.00      	0.07      	0.07
3L:23800000..23900000      	0.00      	0.00      	0.00      	0.07      	0.14      	0.14
3L:23900000..24000000      	0.00      	0.00      	0.00      	0.14      	0.00      	0.00
3L:24000000..24100000      	0.00      	0.00      	0.00      	0.00      	0.07      	0.07
3L:24100000..24200000      	0.00      	0.00      	0.00      	0.07      	0.00      	0.00
3L:24200000..24300000      	0.00      	0.00      	0.00      	0.00      	0.00      	0.00
3L:24300000..24400000      	0.00      	0.00      	0.00      	0.00      	0.00      	0.00
3L:24400000..24500000      	0.00      	0.00      	0.00      	0.00      	0.00      	0.00